_G.AutoFarm = true
join = game.Players.localPlayer.Neutral == false
if _G.Team == nil then
    _G.Team = "Pirates"
end
if (_G.Team == "Pirates" or _G.Team == "Marines") and not join then
    repeat wait()
        pcall(function()
            join = game.Players.localPlayer.Neutral == false
            if _G.Team == "Pirates" then
                for i,v in pairs(getconnections(game:GetService("Players").LocalPlayer.PlayerGui.Main.ChooseTeam.Container.Pirates.Frame.ViewportFrame.TextButton.MouseButton1Click)) do
                    v.Function()
                end
            elseif _G.Team == "Marines" then
                for i,v in pairs(getconnections(game:GetService("Players").LocalPlayer.PlayerGui.Main.ChooseTeam.Container.Marines.Frame.ViewportFrame.TextButton.MouseButton1Click)) do
                    v.Function()
                end
            else
                for i,v in pairs(getconnections(game:GetService("Players").LocalPlayer.PlayerGui.Main.ChooseTeam.Container.Pirates.Frame.ViewportFrame.TextButton.MouseButton1Click)) do
                    v.Function()
                end
            end
        end)
    until join == true
    game:GetService("Players").LocalPlayer.PlayerGui.Main.ChooseTeam.Visible = false
end
wait(1)
task.spawn(function()
	pcall(function()
		if not game:IsLoaded() then repeat wait() until game:IsLoaded() end
		if hookfunction and setreadonly then
			local mt = getrawmetatable(game)
			local old = mt.__newindex
			setreadonly(mt, false)
			local sda
			sda = hookfunction(old, function(t, k, v)
				if k == "Material" then
					if v ~= Enum.Material.Neon and v ~= Enum.Material.Plastic and v ~= Enum.Material.ForceField then v = Enum.Material.Plastic end
				elseif k == "TopSurface" then v = "Smooth"
				elseif k == "Reflectance" or k == "WaterWaveSize" or k == "WaterWaveSpeed" or k == "WaterReflectance" then v = 0
				elseif k == "WaterTransparency" then v = 1
				elseif k == "GlobalShadows" then v = false end
				return sda(t, k, v)
			end)
			setreadonly(mt, true)
		end
		local g = game
		local w = g.Workspace
		local l = g:GetService"Lighting"
		local t = w:WaitForChild"Terrain"
		t.WaterWaveSize = 0
		t.WaterWaveSpeed = 0
		t.WaterReflectance = 0
		t.WaterTransparency = 1
		l.GlobalShadows = false
		
		function change(v)
			pcall(function()
				if v.Material ~= Enum.Material.Neon and v.Material ~= Enum.Material.Plastic and v.Material ~= Enum.Material.ForceField then
					pcall(function() v.Reflectance = 0 end)
					pcall(function() v.Material = Enum.Material.Plastic end)
					pcall(function() v.TopSurface = "Smooth" end)
				end
			end)
		end
		
		game.DescendantAdded:Connect(function(v)
			pcall(function()
				if v:IsA"Part" then change(v)
				elseif v:IsA"MeshPart" then change(v)
				elseif v:IsA"TrussPart" then change(v)
				elseif v:IsA"UnionOperation" then change(v)
				elseif v:IsA"CornerWedgePart" then change(v)
				elseif v:IsA"WedgePart" then change(v) end
			end)
		end)
		for i, v in pairs(game:GetDescendants()) do
			pcall(function()
				if v:IsA"Part" then change(v)
				elseif v:IsA"MeshPart" then change(v)
				elseif v:IsA"TrussPart" then change(v)
				elseif v:IsA"UnionOperation" then change(v)
				elseif v:IsA"CornerWedgePart" then change(v)
				elseif v:IsA"WedgePart" then change(v) end
			end)
		end
		local decalsyeeted = true -- Leaving this on makes games look shitty but the fps goes up by at least 20.
		local g = game
		local w = g.Workspace
		local l = g.Lighting
		local t = w.Terrain
		sethiddenproperty(l,"Technology",2)
		sethiddenproperty(t,"Decoration",false)
		t.WaterWaveSize = 0
		t.WaterWaveSpeed = 0
		t.WaterReflectance = 0
		t.WaterTransparency = 0
		l.GlobalShadows = false
		l.FogEnd = 9e9
		l.Brightness = 0
		settings().Rendering.QualityLevel = "Level01"
		for i, v in pairs(g:GetDescendants()) do
			if v:IsA("Part") or v:IsA("Union") or v:IsA("CornerWedgePart") or v:IsA("TrussPart") then
				v.Material = "Plastic"
				v.Reflectance = 0
			elseif v:IsA("Decal") or v:IsA("Texture") and decalsyeeted then
				v.Transparency = 1
			elseif v:IsA("ParticleEmitter") or v:IsA("Trail") then
				v.Lifetime = NumberRange.new(0)
			elseif v:IsA("Explosion") then
				v.BlastPressure = 1
				v.BlastRadius = 1
			elseif v:IsA("Fire") or v:IsA("SpotLight") or v:IsA("Smoke") or v:IsA("Sparkles") then
				v.Enabled = false
			elseif v:IsA("MeshPart") then
				v.Material = "Plastic"
				v.Reflectance = 0
				v.TextureID = 10385902758728957
			end
		end
		for i, e in pairs(l:GetChildren()) do
			if e:IsA("BlurEffect") or e:IsA("SunRaysEffect") or e:IsA("ColorCorrectionEffect") or e:IsA("BloomEffect") or e:IsA("DepthOfFieldEffect") then
				e.Enabled = false
			end
		end
	end)
end)
InvetoryWeaponList = {}
local args = {
    [1] = "getInventoryWeapons"
}
game:GetService("ReplicatedStorage").Remotes.CommF_:InvokeServer(unpack(args))
game:GetService("Players").LocalPlayer.PlayerGui.Main.Inventory.Visible = true
game:GetService("Players").LocalPlayer.PlayerGui.Main.Inventory.Title.Visible = false
game:GetService("Players").LocalPlayer.PlayerGui.Main.Inventory.Container.Visible = false
game:GetService("Players").LocalPlayer.PlayerGui.Main.Inventory.Info.Visible = false
game:GetService("Players").LocalPlayer.PlayerGui.Main.Inventory.Size = UDim2.new(0,0,0,0)
game:GetService("Players").LocalPlayer.PlayerGui.Main.Inventory.BackgroundTransparency = 1
wait(2.5)
for _i, v in pairs(game:GetService("Players").LocalPlayer.PlayerGui.Main.Inventory.Container.Current.ScrollingFrame.Frame:GetChildren()) do
    if v:IsA('ImageButton') then
        if  v.Name == 'Template' then
            else
            table.insert(InvetoryWeaponList, v.Name)    
        end
    end
end
for _i, v in pairs(game:GetService("Players").LocalPlayer.PlayerGui.Main.Inventory.Container.Stored.ScrollingFrame.Frame:GetChildren()) do
    if v:IsA('ImageButton') then
        if  v.Name == 'Template' then
        else
            table.insert(InvetoryWeaponList, v.Name)    
        end
    end
end
local library = loadstring(game:HttpGet("https://raw.githubusercontent.com/naypramx/Ui__Project/Script/XeNonUi", true))()
local CenterHubNo1 = library:CreateWindow("Rezy Hub - Kaitun",Enum.KeyCode.RightControl)
local Tab = CenterHubNo1:CreateTab("Stats")
local Sector1 = Tab:CreateSector("Main","left")
BlackLeg2 = Sector1:AddLabel("N/A")
spawn(function()
	while wait() do
		pcall(function()
			local args = {
				[1] = "BuyBlackLeg",
				[2] = true
			}
			BlackLeg = game:GetService("ReplicatedStorage").Remotes.CommF_:InvokeServer(unpack(args))
			if BlackLeg == 1 then
				BlackLeg2:Set("BlackLeg : ✅")
			else
				BlackLeg2:Set("BlackLeg : ❌")
			end
		end)
	end
end)
Electro2 = Sector1:AddLabel("N/A")
spawn(function()
	while wait() do
		pcall(function()
			local args = {
				[1] = "BuyElectro",
				[2] = true
			}
			
			Electro = game:GetService("ReplicatedStorage").Remotes.CommF_:InvokeServer(unpack(args))
			if Electro == 1 then
				Electro2:Set("Electro : ✅")
			else
				Electro2:Set("Electro : ❌")
			end
		end)
	end
end)
FishmanKarate2 = Sector1:AddLabel("N/A")
spawn(function()
	while wait() do
		pcall(function()
			local args = {
				[1] = "BuyFishmanKarate",
				[2] = true
			}
			
			FishmanKarate = game:GetService("ReplicatedStorage").Remotes.CommF_:InvokeServer(unpack(args))
			if FishmanKarate == 1 then
				FishmanKarate2:Set("FishmanKarate : ✅")
			else
				FishmanKarate2:Set("FishmanKarate : ❌")
			end
		end)
	end
end)
DragonClaw2 = Sector1:AddLabel("N/A")
spawn(function()
	while wait() do
		pcall(function()
			local args = {
				[1] = "BlackbeardReward",
				[2] = "DragonClaw",
				[3] = "1",
				[4] = true
			}
			
			DragonClaw3 = game:GetService("ReplicatedStorage").Remotes.CommF_:InvokeServer(unpack(args))
			if DragonClaw3 == 1 then
				DragonClaw2:Set("DragonClaw : ✅")
			else
				DragonClaw2:Set("DragonClaw : ❌")
			end
		end)
	end
end)
Superhuman2 = Sector1:AddLabel("N/A")
spawn(function()
	while wait() do
		pcall(function()
			local args = {
				[1] = "BuySuperhuman",
				[2] = true
			}
			
			Superhuman = game:GetService("ReplicatedStorage").Remotes.CommF_:InvokeServer(unpack(args))
			if Superhuman == 1 then
				Superhuman2:Set("Superhuman : ✅")
			else
				Superhuman2:Set("Superhuman : ❌")
			end
		end)
	end
end)
local Sector2 = Tab:CreateSector("Sword","Reft")
Saber = Sector2:AddLabel("N/A")
spawn(function()
    pcall(function()
        while wait() do
            if game:GetService("Players").LocalPlayer.PlayerGui.Main.Inventory.Container.Stored.ScrollingFrame.Frame:FindFirstChild('Saber') then
                Saber:Set("Saber : ✅")
            else
                Saber:Set("Saber : ❌")
            end
        end
    end)
end)
Canvander = Sector2:AddLabel("N/A")
spawn(function()
    pcall(function()
        while wait() do
            if game:GetService("Players").LocalPlayer.PlayerGui.Main.Inventory.Container.Stored.ScrollingFrame.Frame:FindFirstChild('Canvander') then
                Canvander:Set("Canvander : ✅")
            else
                Canvander:Set("Canvander : ❌")
            end
        end
    end)
end)
Yama = Sector2:AddLabel("N/A")
spawn(function()
    pcall(function()
        while wait() do
            if game:GetService("Players").LocalPlayer.PlayerGui.Main.Inventory.Container.Stored.ScrollingFrame.Frame:FindFirstChild('Yama') then
                Yama:Set("Yama : ✅")
            else
                Yama:Set("Yama : ❌")
            end
        end
    end)
end)

Buddy = Sector2:AddLabel("N/A")
spawn(function()
    pcall(function()
        while wait() do
            if game:GetService("Players").LocalPlayer.PlayerGui.Main.Inventory.Container.Stored.ScrollingFrame.Frame:FindFirstChild('Buddy Sword') then
                Buddy:Set("Buddy : ✅")
            else
                Buddy:Set("Buddy : ❌")
            end
        end
    end)
end)
Magnet = true
local placeId = game.PlaceId
if placeId == 2753915549 then
	OldWorld = true
elseif placeId == 4442272183 then
	NewWorld = true
elseif placeId == 7449423635 then
	ThreeWorld = true
else
	game.Players.LocalPlayer:Kick("รันผิดเกม อย่า เล่น เก")
end
spawn(function()
	game_pid = game.PlaceId
	asiufdl = 0
	repeat wait(1)
		print("Is GAME LOADED CHEKER : "..tostring(asiufdl))
		asiufdl += 1
	until asiufdl > 240 or game:IsLoaded()
	repeat wait()
		if not game:IsLoaded() then
			if game_pid == nil then
				game_pid = game.PlaceId
			end
			pcall(function()
				print("re - joining 1")
				game:GetService('TeleportService'):TeleportToPlaceInstance(game_pid, game.JobId, game.Players.LocalPlayer)
				print("rejoined 1")
			end)
			pcall(function()
				print("re - joining 2")
				game:GetService('TeleportService'):Teleport(game_pid)
				print("rejoined 2")
			end)
			wait(2)
		end
	until game:IsLoaded()
end)
joingame_timr = 0
repeat 
	wait(0.1)
	joingame_timr += 0.1
until game:IsLoaded()
spawn(function()
	while wait(1) do
		pcall(function()
			game_pid = game.PlaceId
			repeat wait() until game.CoreGui:FindFirstChild('RobloxPromptGui')
			local lp,po,ts = game:GetService('Players').LocalPlayer,game.CoreGui.RobloxPromptGui.promptOverlay,game:GetService('TeleportService')
			po.ChildAdded:connect(function(a)
				if a.Name == 'ErrorPrompt' then
					gujaef = 0
					repeat wait(1)
						print("waiting to rejoin if  found ErrorPrompt "..tostring(gujaef))
						gujaef += 1
					until gujaef > 40
					if a.Name == 'ErrorPrompt' then
						while wait() do
							--ts:Teleport(game.PlaceId)
							if game_pid == nil then
								game_pid = game.PlaceId
							end
							pcall(function()
								print("re - joining 1")
								game:GetService('TeleportService'):TeleportToPlaceInstance(game.PlaceId, game.JobId, game.Players.LocalPlayer)
								print("rejoined 1")
							end)
							pcall(function()
								print("re - joining 2")
								game:GetService('TeleportService'):Teleport(game.PlaceId)
								print("rejoined 2")
							end)
							wait(2)
						end
					end
				end
			end)
		end)
	end
end)
function Click()
	game:GetService'VirtualUser':CaptureController()
	game:GetService'VirtualUser':Button1Down(Vector2.new(1280, 672))
end
local a = Instance.new('Part',workspace)
local a = Instance.new("Part")
a.Name = "BIGDICK"
a.Parent = game.Workspace
a.Anchored = true 
a.Transparency = 1
a.Size = Vector3.new(40,0.5,40)
game:GetService("RunService").Heartbeat:Connect(function()
	pcall(function()
	if not game:GetService("Workspace"):FindFirstChild("BIGDICK") then
	local a = Instance.new("Part")
	a.Name = "ez"
	a.Parent = game.Workspace
	a.Anchored = true 
	a.Transparency = 1
	a.Size = Vector3.new(40,0.5,40)
	end
	--[[if x then
	changestate()
	end]]
	end)
end)
function changestate()
	game.Workspace["BIGDICK"].CFrame = CFrame.new(game.Players.LocalPlayer.Character.HumanoidRootPart.CFrame.X,-4,game.Players.LocalPlayer.Character.HumanoidRootPart.CFrame.Z)
end
function CheckQuest()
	local MyLevel = game.Players.LocalPlayer.Data.Level.Value
	if OldWorld then
		if MyLevel == 1 or MyLevel <= 9 then -- Bandit
			Ms = "Bandit [Lv. 5]"
			NaemQuest = "BanditQuest1"
			LevelQuest = 1
			NameMon = "Bandit"
			ISLANDPOS = CFrame.new(1211.88525, 36.7203407, 1500.03467, 0.615429699, -0.788191795, -6.02006912e-06, 6.02006912e-06, 1.23977661e-05, -1, 0.788191795, 0.615429759, 1.23977661e-05)
			CFrameQuest = CFrame.new(1061.66699, 16.5166187, 1544.52905, -0.942978859, -3.33851502e-09, 0.332852632, 7.04340497e-09, 1, 2.99841325e-08, -0.332852632, 3.06188177e-08, -0.942978859)
			CFrameMon = CFrame.new(1158.19287, 16.7761078, 1598.75024, 0.728623271, -2.60434244e-05, -0.684914768, 5.54633402e-07, 1, -3.74343144e-05, 0.684914768, 2.68956283e-05, 0.728623271)
			if _G.AutoFarm and (CFrameMon.Position - game.Players.LocalPlayer.Character.HumanoidRootPart.Position).Magnitude > 600 then
				game.Players.LocalPlayer.Character.HumanoidRootPart.CFrame = ISLANDPOS
			end
		-- elseif MyLevel == 10 or MyLevel <= 14 then -- Monkey
		-- 	Ms = "Monkey [Lv. 14]"
		-- 	NaemQuest = "JungleQuest"
		-- 	LevelQuest = 1
		-- 	NameMon = "Monkey"
		-- 	ISLANDPOS = CFrame.new(-1180.99561, 21.0006905, 187.688171, -0.866141438, -2.23321149e-05, -0.499799222, 2.23321149e-05, 1, -8.33832528e-05, 0.499799222, -8.33832528e-05, -0.866141438)
		-- 	CFrameQuest = CFrame.new(-1604.12012, 36.8521118, 154.23732, 0.0648873374, -4.70858913e-06, -0.997892559, 1.41431883e-07, 1, -4.70933674e-06, 0.997892559, 1.64442184e-07, 0.0648873374)
		-- 	CFrameMon = CFrame.new(-1612.77039, 37.1953545, 150.217361, -0.325320244, 5.01602138e-09, -0.945603907, -1.28536748e-09, 1, 5.74677994e-09, 0.945603907, 3.08499248e-09, -0.325320244)
		-- 	if _G.AutoFarm and (CFrameMon.Position - game.Players.LocalPlayer.Character.HumanoidRootPart.Position).Magnitude > 600 then
		-- 		game.Players.LocalPlayer.Character.HumanoidRootPart.CFrame = ISLANDPOS
		-- 	end
		-- elseif MyLevel == 15 or MyLevel <= 29 then -- Gorilla
		-- 	Ms = "Gorilla [Lv. 20]"
		-- 	NaemQuest = "JungleQuest"
		-- 	LevelQuest = 2
		-- 	NameMon = "Gorilla"
		-- 	ISLANDPOS = CFrame.new(-1180.99561, 21.0006905, 187.688171, -0.866141438, -2.23321149e-05, -0.499799222, 2.23321149e-05, 1, -8.33832528e-05, 0.499799222, -8.33832528e-05, -0.866141438)
		-- 	CFrameQuest = CFrame.new(-1604.12012, 36.8521118, 154.23732, 0.0648873374, -4.70858913e-06, -0.997892559, 1.41431883e-07, 1, -4.70933674e-06, 0.997892559, 1.64442184e-07, 0.0648873374)
		-- 	CFrameMon = CFrame.new(-1223.52808, 6.27936459, -502.292664, 0.310949147, -5.66602516e-08, 0.950426519, -3.37275488e-08, 1, 7.06501808e-08, -0.950426519, -5.40241736e-08, 0.310949147)
		-- 	if _G.AutoFarm and (CFrameMon.Position - game.Players.LocalPlayer.Character.HumanoidRootPart.Position).Magnitude > 1000 then
		-- 		game.Players.LocalPlayer.Character.HumanoidRootPart.CFrame = ISLANDPOS
		-- 	end
		elseif MyLevel == 30 or MyLevel <= 39 then -- Pirate
			Ms = "Pirate [Lv. 35]"
			NaemQuest = "BuggyQuest1"
			LevelQuest = 1
			NameMon = "Pirate"
			ISLANDPOS = CFrame.new(-825.657349, 3.63657403, 4123.30811, -0.138172507, 0.0225743353, -0.990150809, 0.0865087882, 0.996194243, 0.0106400847, 0.98662281, -0.0841865838, -0.139599562)
			CFrameQuest = CFrame.new(-1139.59717, 4.75205183, 3825.16211, -0.959730506, -7.5857054e-09, 0.280922383, -4.06310328e-08, 1, -1.11807175e-07, -0.280922383, -1.18718916e-07, -0.959730506)
			CFrameMon = CFrame.new(-1169.5365, 5.09531212, 3933.84082, -0.971822679, -3.73200315e-09, 0.235713184, -4.16762763e-10, 1, 1.41145424e-08, -0.235713184, 1.3618596e-08, -0.971822679)
			if _G.AutoFarm and (CFrameMon.Position - game.Players.LocalPlayer.Character.HumanoidRootPart.Position).Magnitude > 600 then
				game.Players.LocalPlayer.Character.HumanoidRootPart.CFrame = ISLANDPOS
			end
		elseif MyLevel == 40 or MyLevel <= 59 then -- Brute
			Ms = "Brute [Lv. 45]"
			NaemQuest = "BuggyQuest1"
			LevelQuest = 2
			NameMon = "Brute"
			ISLANDPOS = CFrame.new(-825.657349, 3.63657403, 4123.30811, -0.138172507, 0.0225743353, -0.990150809, 0.0865087882, 0.996194243, 0.0106400847, 0.98662281, -0.0841865838, -0.139599562)
			CFrameQuest = CFrame.new(-1139.59717, 4.75205183, 3825.16211, -0.959730506, -7.5857054e-09, 0.280922383, -4.06310328e-08, 1, -1.11807175e-07, -0.280922383, -1.18718916e-07, -0.959730506)
			CFrameMon = CFrame.new(-1165.09985, 15.1531372, 4363.51514, -0.962800264, 1.17564889e-06, 0.270213336, 2.60172015e-07, 1, -3.4237969e-06, -0.270213336, -3.22613073e-06, -0.962800264)
			if _G.AutoFarm and (CFrameMon.Position - game.Players.LocalPlayer.Character.HumanoidRootPart.Position).Magnitude > 1000 then
				game.Players.LocalPlayer.Character.HumanoidRootPart.CFrame = ISLANDPOS
			end
		elseif MyLevel == 60 or MyLevel <= 74 then -- Desert Bandit
			Ms = "Desert Bandit [Lv. 60]"
			NaemQuest = "DesertQuest"
			LevelQuest = 1
			NameMon = "Desert Bandit"
			ISLANDPOS = CFrame.new(921.289673, 6.45703602, 4334.47803, -0.207233012, 8.06497269e-08, 0.978291631, 3.10611412e-08, 1, -7.58596244e-08, -0.978291631, 1.46662362e-08, -0.207233012)
			CFrameQuest = CFrame.new(897.031128, 6.43846416, 4388.97168, -0.804044724, 3.68233266e-08, 0.594568789, 6.97835176e-08, 1, 3.24365246e-08, -0.594568789, 6.75715199e-08, -0.804044724)
			CFrameMon = CFrame.new(932.788818, 6.8503746, 4488.24609, -0.998625934, 3.08948351e-08, 0.0524050146, 2.79967303e-08, 1, -5.60361286e-08, -0.0524050146, -5.44919629e-08, -0.998625934)
			if _G.AutoFarm and (CFrameMon.Position - game.Players.LocalPlayer.Character.HumanoidRootPart.Position).Magnitude > 1000 then
				game.Players.LocalPlayer.Character.HumanoidRootPart.CFrame = ISLANDPOS
			end
		elseif MyLevel == 75 or MyLevel <= 89 then -- Desert Officre
			Ms = "Desert Officer [Lv. 70]"
			NaemQuest = "DesertQuest"
			LevelQuest = 2
			NameMon = "Desert Officer"
			ISLANDPOS = CFrame.new(1658.85876, 4.64293623, 4318.07129, -0.0864315033, -0.000185585552, 0.996257842, -6.89026783e-05, 1, 0.000180304938, -0.996257842, -5.30608231e-05, -0.0864315033)
			CFrameQuest = CFrame.new(897.031128, 6.43846416, 4388.97168, -0.804044724, 3.68233266e-08, 0.594568789, 6.97835176e-08, 1, 3.24365246e-08, -0.594568789, 6.75715199e-08, -0.804044724)
			CFrameMon = CFrame.new(1617.07886, 1.5542295, 4295.54932, -0.997540116, -2.26287735e-08, -0.070099175, -1.69377223e-08, 1, -8.17798806e-08, 0.070099175, -8.03913949e-08, -0.997540116)
			if _G.AutoFarm and (CFrameMon.Position - game.Players.LocalPlayer.Character.HumanoidRootPart.Position).Magnitude > 1000 then
				game.Players.LocalPlayer.Character.HumanoidRootPart.CFrame = ISLANDPOS
			end
		elseif MyLevel == 90 or MyLevel <= 99 then -- Snow Bandits
			Ms = "Snow Bandit [Lv. 90]"
			NaemQuest = "SnowQuest"
			LevelQuest = 1
			NameMon = "Snow Bandits"
			ISLANDPOS = CFrame.new(1336.02625, 34.1970673, -1331.23267, 0.671367824, 0.741124272, -1.77025795e-05, 1.77025795e-05, -3.9935112e-05, -1, -0.741124272, 0.671367764, -3.9935112e-05)
			CFrameQuest = CFrame.new(1384.14001, 87.272789, -1297.06482, 0.348555952, -2.53947841e-09, -0.937287986, 1.49860568e-08, 1, 2.86358204e-09, 0.937287986, -1.50443711e-08, 0.348555952)
			CFrameMon = CFrame.new(1328.92578, 87.6160507, -1374.14551, -0.548407137, 5.60746427e-09, 0.836211503, 2.07008033e-09, 1, -5.34818945e-09, -0.836211503, -1.2019602e-09, -0.548407137)
			if _G.AutoFarm and (CFrameMon.Position - game.Players.LocalPlayer.Character.HumanoidRootPart.Position).Magnitude > 1000 then
				game.Players.LocalPlayer.Character.HumanoidRootPart.CFrame = ISLANDPOS
			end
		elseif MyLevel == 100 or MyLevel <= 119 then -- Snowman
			Ms = "Snowman [Lv. 100]"
			NaemQuest = "SnowQuest"
			LevelQuest = 2
			NameMon = "Snowman"
			ISLANDPOS = CFrame.new(1336.02625, 34.1970673, -1331.23267, 0.671367824, 0.741124272, -1.77025795e-05, 1.77025795e-05, -3.9935112e-05, -1, -0.741124272, 0.671367764, -3.9935112e-05)
			CFrameQuest = CFrame.new(1384.14001, 87.272789, -1297.06482, 0.348555952, -2.53947841e-09, -0.937287986, 1.49860568e-08, 1, 2.86358204e-09, 0.937287986, -1.50443711e-08, 0.348555952)
			CFrameMon = CFrame.new(1046.19983, 106.109909, -1486.0741, 0.455472827, -1.03902529e-07, -0.89024967, 1.33861127e-08, 1, -1.09863016e-07, 0.89024967, 3.81226357e-08, 0.455472827)
			if _G.AutoFarm and (CFrameMon.Position - game.Players.LocalPlayer.Character.HumanoidRootPart.Position).Magnitude > 1000 then
				game.Players.LocalPlayer.Character.HumanoidRootPart.CFrame = ISLANDPOS
			end
		elseif MyLevel == 120 or MyLevel <= 149 then -- Chief Petty Officer
			Ms = "Chief Petty Officer [Lv. 120]"
			NaemQuest = "MarineQuest2"
			LevelQuest = 1
			NameMon = "Chief Petty Officer"
			ISLANDPOS = CFrame.new(-5138.81104, 23.1043854, 4103.9624, -0.499959469, 0, 0.866048813, 0, 1, 0, -0.866048813, 0, -0.499959469)
			CFrameQuest = CFrame.new(-5035.0835, 28.6520386, 4325.29443, 0.0243340395, -7.08064647e-08, 0.999703884, -6.36926814e-08, 1, 7.23777944e-08, -0.999703884, -6.54350671e-08, 0.0243340395)
			CFrameMon = CFrame.new(-4850.8623, 21.0520386, 4390.53516, 0.273695946, -5.40380647e-08, -0.96181643, 4.37720793e-08, 1, -4.37274998e-08, 0.96181643, -3.01326679e-08, 0.273695946)
			if _G.AutoFarm and (CFrameMon.Position - game.Players.LocalPlayer.Character.HumanoidRootPart.Position).Magnitude > 1000 then
				game.Players.LocalPlayer.Character.HumanoidRootPart.CFrame = ISLANDPOS
			end
		elseif MyLevel == 150 or MyLevel <= 174 then -- Sky Bandit
			Ms = "Sky Bandit [Lv. 150]"
			NaemQuest = "SkyQuest"
			LevelQuest = 1
			NameMon = "Sky Bandit"
			ISLANDPOS = CFrame.new(-4899.46777, 723.834229, -2575.20142, 0.933587551, 0, 0.358349502, 0, -1.00000048, 0, 0.358349502, 0, -0.933587909)
			CFrameQuest = CFrame.new(-4841.83447, 717.669617, -2623.96436, -0.875942111, 5.59710216e-08, -0.482416272, 3.04023082e-08, 1, 6.08195947e-08, 0.482416272, 3.86078725e-08, -0.875942111)
			CFrameMon = CFrame.new(-4996.53906, 278.410187, -2828.92822, -0.984909654, 0, 0.173069984, 0, 1, 0, -0.173069984, 0, -0.984909654)
			if _G.AutoFarm and (CFrameMon.Position - game.Players.LocalPlayer.Character.HumanoidRootPart.Position).Magnitude > 1000 then
				game.Players.LocalPlayer.Character.HumanoidRootPart.CFrame = ISLANDPOS
			end
		elseif MyLevel == 175 or MyLevel <= 249 then 
			Ms = "Dark Master [Lv. 175]"
			NaemQuest = "SkyQuest"
			LevelQuest = 2
			NameMon = "Dark Master"
			ISLANDPOS = CFrame.new(-4899.46777, 723.834229, -2575.20142, 0.933587551, 0, 0.358349502, 0, -1.00000048, 0, 0.358349502, 0, -0.933587909)
			CFrameQuest = CFrame.new(-4841.83447, 717.669617, -2623.96436)
			CFrameMon = CFrame.new(-5220.58594, 430.693298, -2278.17456)
			if _G.AutoFarm and (CFrameMon.Position - game.Players.LocalPlayer.Character.HumanoidRootPart.Position).Magnitude > 1000 then
				game.Players.LocalPlayer.Character.HumanoidRootPart.CFrame = ISLANDPOS
			end
		elseif MyLevel == 250 or MyLevel <= 274 then 
			Ms = "Toga Warrior [Lv. 250]"
			NaemQuest = "ColosseumQuest"
			LevelQuest = 1
			NameMon = "Toga Warrior"
			ISLANDPOS = CFrame.new(-1690.47278, 10.2532501, -3086.04272, 0.74314785, -0, -0.669127226, 0, 1, -0, 0.669127226, 0, 0.74314785)
			CFrameQuest = CFrame.new(-1576.11743, 7.38933945, -2983.30762)
			CFrameMon = CFrame.new(-1779.97583, 44.6077499, -2736.35474)
			if _G.AutoFarm and (CFrameMon.Position - game.Players.LocalPlayer.Character.HumanoidRootPart.Position).Magnitude > 1000 then
				game.Players.LocalPlayer.Character.HumanoidRootPart.CFrame = ISLANDPOS
			end
		elseif MyLevel == 275 or MyLevel <= 299 then -- Gladiato
			Ms = "Gladiator [Lv. 275]"
			NaemQuest = "ColosseumQuest"
			LevelQuest = 2
			NameMon = "Gladiato"
			ISLANDPOS = CFrame.new(-1690.47278, 10.2532501, -3086.04272, 0.74314785, -0, -0.669127226, 0, 1, -0, 0.669127226, 0, 0.74314785)
			CFrameQuest = CFrame.new(-1576.11743, 7.38933945, -2983.30762, 0.576966345, 1.22114863e-09, 0.816767931, -3.58496594e-10, 1, -1.24185606e-09, -0.816767931, 4.2370063e-10, 0.576966345)
			CFrameMon = CFrame.new(-1279.38416, 7.78580666, -3268.23047, -0.385674238, -3.25503358e-08, -0.922634542, 5.95089811e-10, 1, -3.55285259e-08, 0.922634542, -1.42514862e-08, -0.385674238)
			if _G.AutoFarm and (CFrameMon.Position - game.Players.LocalPlayer.Character.HumanoidRootPart.Position).Magnitude > 1000 then
				game.Players.LocalPlayer.Character.HumanoidRootPart.CFrame = ISLANDPOS
			end
		elseif MyLevel == 300 or MyLevel <= 324 then -- Military Soldier
			Ms = "Military Soldier [Lv. 300]"
			NaemQuest = "MagmaQuest"
			LevelQuest = 1
			NameMon = "Military Soldier"
			ISLANDPOS = CFrame.new(-5213.3374, 3.3397336, 8443.05957, 0.927179396, 0, 0.374617696, 0, 1, 0, -0.374617696, 0, 0.927179396)
			CFrameQuest = CFrame.new(-5316.55859, 12.2370615, 8517.2998, 0.588437557, -1.37880001e-08, -0.808542669, -2.10116209e-08, 1, -3.23446478e-08, 0.808542669, 3.60215964e-08, 0.588437557)
			CFrameMon = CFrame.new(-5483.29248, 9.33393669, 8413.07031, 0.909917235, -1.46153933e-09, -0.414789826, -6.77904288e-10, 1, -5.01067277e-09, 0.414789826, 4.84048535e-09, 0.909917235)
			if _G.AutoFarm and (CFrameMon.Position - game.Players.LocalPlayer.Character.HumanoidRootPart.Position).Magnitude > 1000 then
				game.Players.LocalPlayer.Character.HumanoidRootPart.CFrame = ISLANDPOS
			end
		elseif MyLevel == 325 or MyLevel <= 374 then -- Military Spy
			Ms = "Military Spy [Lv. 325]"
			NaemQuest = "MagmaQuest"
			LevelQuest = 2
			NameMon = "Military Spy"
			ISLANDPOS = CFrame.new(-5213.3374, 3.3397336, 8443.05957, 0.927179396, 0, 0.374617696, 0, 1, 0, -0.374617696, 0, 0.927179396)
			CFrameQuest = CFrame.new(-5316.55859, 12.2370615, 8517.2998, 0.588437557, -1.37880001e-08, -0.808542669, -2.10116209e-08, 1, -3.23446478e-08, 0.808542669, 3.60215964e-08, 0.588437557)
			CFrameMon = CFrame.new(-5883.50049, 77.5739212, 8823.88965, 0.983678341, -1.19359456e-08, 0.179935962, -8.52669757e-09, 1, 1.12948371e-07, -0.179935962, -1.12639128e-07, 0.983678341)
			if _G.AutoFarm and (CFrameMon.Position - game.Players.LocalPlayer.Character.HumanoidRootPart.Position).Magnitude > 1000 then
				game.Players.LocalPlayer.Character.HumanoidRootPart.CFrame = ISLANDPOS
			end
		elseif MyLevel == 375 or MyLevel <= 399 then -- Fishman Warrior
			Ms = "Fishman Warrior [Lv. 375]"
			NaemQuest = "FishmanQuest"
			LevelQuest = 1
			NameMon = "Fishman Warrior"
			CFrameQuest = CFrame.new(61122.5625, 18.4716396, 1568.16504, 0.893533468, 3.95251609e-09, 0.448996574, -2.34327455e-08, 1, 3.78297464e-08, -0.448996574, -4.43233645e-08, 0.893533468)
			CFrameMon = CFrame.new(60889.6328, 18.8148994, 1432.98425, 0.345049709, 0, -0.938584328, 0, 1, 0, 0.938584328, 0, 0.345049709)
			if _G.AutoFarm and (CFrameMon.Position - game.Players.LocalPlayer.Character.HumanoidRootPart.Position).Magnitude > 3000 then
				game:GetService("ReplicatedStorage").Remotes.CommF_:InvokeServer("requestEntrance",Vector3.new(61163.8515625, 11.6796875, 1819.7841796875))
			end
		elseif MyLevel == 400 or MyLevel <= 449 then -- Fishman Commando
			Ms = "Fishman Commando [Lv. 400]"
			NaemQuest = "FishmanQuest"
			LevelQuest = 2
			NameMon = "Fishman Commando"
			CFrameQuest = CFrame.new(61122.5625, 18.4716396, 1568.16504, 0.893533468, 3.95251609e-09, 0.448996574, -2.34327455e-08, 1, 3.78297464e-08, -0.448996574, -4.43233645e-08, 0.893533468)
			CFrameMon = CFrame.new(61885.5039, 18.4828243, 1504.17896, 0.577502489, 0, -0.816389024, -0, 1.00000012, -0, 0.816389024, 0, 0.577502489)
			if _G.AutoFarm and (CFrameMon.Position - game.Players.LocalPlayer.Character.HumanoidRootPart.Position).Magnitude > 3000 then
				game:GetService("ReplicatedStorage").Remotes.CommF_:InvokeServer("requestEntrance",Vector3.new(61163.8515625, 11.6796875, 1819.7841796875))
			end
		elseif MyLevel == 450 or MyLevel <= 474 then -- God's Guards
			Ms = "God's Guard [Lv. 450]"
			NaemQuest = "SkyExp1Quest"
			LevelQuest = 1
			NameMon = "God's Guards"
			CFrameQuest = CFrame.new(-4721.71436, 845.277161, -1954.20105, -0.999277651, -5.56969759e-09, 0.0380011722, -4.14751478e-09, 1, 3.75035256e-08, -0.0380011722, 3.73188307e-08, -0.999277651)
			CFrameMon = CFrame.new(-4720.3291, 845.620422, -1859.63074, 0.712942302, 0, -0.701222718, -0, 1, -0, 0.701222718, 0, 0.712942302)
			if _G.AutoFarm and (CFrameMon.Position - game.Players.LocalPlayer.Character.HumanoidRootPart.Position).Magnitude > 1000 then
				game:GetService("ReplicatedStorage").Remotes.CommF_:InvokeServer("requestEntrance",Vector3.new(-4607.82275, 872.54248, -1667.55688))
			end
		elseif MyLevel == 475 or MyLevel <= 524 then -- Shandas
			Ms = "Shanda [Lv. 475]"
			NaemQuest = "SkyExp1Quest"
			LevelQuest = 2
			NameMon = "Shandas"
			CFrameQuest = CFrame.new(-7863.63672, 5545.49316, -379.826324, 0.362120807, -1.98046344e-08, -0.93213129, 4.05822291e-08, 1, -5.48095125e-09, 0.93213129, -3.58431969e-08, 0.362120807)
			CFrameMon = CFrame.new(-7636.17285, 5545.83643, -551.851685, 0.995675743, 0, -0.0928966552, 0, 1, 0, 0.0928966552, 0, 0.995675743)
			if _G.AutoFarm and (CFrameMon.Position - game.Players.LocalPlayer.Character.HumanoidRootPart.Position).Magnitude > 1000 then
				game:GetService("ReplicatedStorage").Remotes.CommF_:InvokeServer("requestEntrance",Vector3.new(-7894.6176757813, 5547.1416015625, -380.29119873047))
			end
		elseif MyLevel == 525 or MyLevel <= 549 then -- Royal Squad
			Ms = "Royal Squad [Lv. 525]"
			NaemQuest = "SkyExp2Quest"
			LevelQuest = 1
			NameMon = "Royal Squad"
			CFrameQuest = CFrame.new(-7902.66895, 5635.96387, -1411.71802, 0.0504222959, 2.5710392e-08, 0.998727977, 1.12541557e-07, 1, -3.14249675e-08, -0.998727977, 1.13982921e-07, 0.0504222959)
			CFrameMon = CFrame.new(-7654.80615, 5607.22168, -1497.61304, 0.655299842, -1.01422131e-07, -0.75536871, 8.79199114e-09, 1, -1.26641098e-07, 0.75536871, 7.63466659e-08, 0.655299842)
			if _G.AutoFarm and (CFrameMon.Position - game.Players.LocalPlayer.Character.HumanoidRootPart.Position).Magnitude > 1000 then
				game:GetService("ReplicatedStorage").Remotes.CommF_:InvokeServer("requestEntrance",Vector3.new(-7894.6176757813, 5547.1416015625, -380.29119873047))
			end
		elseif MyLevel == 550 or MyLevel <= 624 then -- Royal Soldier
			Ms = "Royal Soldier [Lv. 550]"
			NaemQuest = "SkyExp2Quest"
			LevelQuest = 2
			NameMon = "Royal Soldier"
			CFrameQuest = CFrame.new(-7902.66895, 5635.96387, -1411.71802, 0.0504222959, 2.5710392e-08, 0.998727977, 1.12541557e-07, 1, -3.14249675e-08, -0.998727977, 1.13982921e-07, 0.0504222959)
			CFrameMon = CFrame.new(-7966.58252, 5637.42529, -1744.18347, 0.116254926, -8.58390649e-07, -0.99321878, 2.4797064e-08, 1, -8.61348838e-07, 0.99321878, 7.55070602e-08, 0.116254926)
			if _G.AutoFarm and (CFrameMon.Position - game.Players.LocalPlayer.Character.HumanoidRootPart.Position).Magnitude > 1000 then
				game:GetService("ReplicatedStorage").Remotes.CommF_:InvokeServer("requestEntrance",Vector3.new(-7894.6176757813, 5547.1416015625, -380.29119873047))
			end
		elseif MyLevel == 625 or MyLevel <= 649 then -- Galley Pirate
			Ms = "Galley Pirate [Lv. 625]"
			NaemQuest = "FountainQuest"
			LevelQuest = 1
			NameMon = "Galley Pirate"
			ISLANDPOS = CFrame.new(5454.30957, 136.634079, 4622.60059, 0.74314785, 0, -0.669127226, 0, -1, -0, -0.669127226, 0, -0.74314785)
			CFrameQuest = CFrame.new(5254.60156, 38.5011406, 4049.69678, -0.0504891425, -3.62066501e-08, -0.998724639, -9.87921389e-09, 1, -3.57534553e-08, 0.998724639, 8.06145284e-09, -0.0504891425)
			CFrameMon = CFrame.new(5684.73096, 38.8443985, 3927.60498, 0.999752343, -6.81844494e-06, -0.0222478025, 5.87542536e-06, 1, -4.24524987e-05, 0.0222478025, 4.2311276e-05, 0.999752343)
			if _G.AutoFarm and (CFrameMon.Position - game.Players.LocalPlayer.Character.HumanoidRootPart.Position).Magnitude > 1000 then
				game.Players.LocalPlayer.Character.HumanoidRootPart.CFrame = ISLANDPOS
			end
		elseif MyLevel >= 650 then -- Galley Captain
			Ms = "Galley Captain [Lv. 650]"
			NaemQuest = "FountainQuest"
			LevelQuest = 2
			NameMon = "Galley Captain"
			ISLANDPOS = CFrame.new(5454.30957, 136.634079, 4622.60059, 0.74314785, 0, -0.669127226, 0, -1, -0, -0.669127226, 0, -0.74314785)
			CFrameQuest = CFrame.new(5254.60156, 38.5011406, 4049.69678, -0.0504891425, -3.62066501e-08, -0.998724639, -9.87921389e-09, 1, -3.57534553e-08, 0.998724639, 8.06145284e-09, -0.0504891425)
			CFrameMon = CFrame.new(5658.5752, 38.5361786, 4928.93506, -0.996873081, 2.12391046e-06, -0.0790185928, 2.16989656e-06, 1, -4.96097414e-07, 0.0790185928, -6.66008248e-07, -0.996873081)
			if _G.AutoFarm and (CFrameMon.Position - game.Players.LocalPlayer.Character.HumanoidRootPart.Position).Magnitude > 1000 then
				game.Players.LocalPlayer.Character.HumanoidRootPart.CFrame = ISLANDPOS
			end
		end
	end
	
	if NewWorld then
		Nonquest = false
		if MyLevel == 700 or MyLevel <= 724 then -- Raider [Lv. 700]
			Ms = "Raider [Lv. 700]"
			NaemQuest = "Area1Quest"
			LevelQuest = 1
			NameMon = "Raider"
			CFrameQuest = CFrame.new(-429.543518, 71.7699966, 1836.18188, -0.22495985, 0, -0.974368095, 0, 1, 0, 0.974368095, 0, -0.22495985)
			CFrameMon = CFrame.new(-737.026123, 10.1748352, 2392.57959, 0.272128761, 0, -0.962260842, -0, 1, -0, 0.962260842, 0, 0.272128761)
		elseif MyLevel == 725 or MyLevel <= 774 then -- Mercenary [Lv. 725]
			Ms = "Mercenary [Lv. 725]"
			NaemQuest = "Area1Quest"
			LevelQuest = 2
			NameMon = "Mercenary"
			CFrameQuest = CFrame.new(-429.543518, 71.7699966, 1836.18188, -0.22495985, 0, -0.974368095, 0, 1, 0, 0.974368095, 0, -0.22495985)
			CFrameMon = CFrame.new(-1022.21271, 72.9855194, 1891.39148, -0.990782857, 0, -0.135460541, 0, 1, 0, 0.135460541, 0, -0.990782857)
		elseif MyLevel == 775 or MyLevel <= 799 then -- Swan Pirate [Lv. 775]
			Ms = "Swan Pirate [Lv. 775]"
			NaemQuest = "Area2Quest"
			LevelQuest = 1
			NameMon = "Swan Pirate"
			CFrameQuest = CFrame.new(638.43811, 71.769989, 918.282898, 0.139203906, 0, 0.99026376, 0, 1, 0, -0.99026376, 0, 0.139203906)
			CFrameMon = CFrame.new(976.467651, 111.174057, 1229.1084, 0.00852567982, -4.73897828e-08, -0.999963999, 1.12251888e-08, 1, -4.7295778e-08, 0.999963999, -1.08215579e-08, 0.00852567982)
		elseif MyLevel == 800 or MyLevel <= 874 then -- Factory Staff [Lv. 800]
			Ms = "Factory Staff [Lv. 800]"
			NaemQuest = "Area2Quest"
			LevelQuest = 2
			NameMon = "Factory Staff"
			CFrameQuest = CFrame.new(638.43811, 71.769989, 918.282898, 0.139203906, 0, 0.99026376, 0, 1, 0, -0.99026376, 0, 0.139203906)
			CFrameMon = CFrame.new(336.74585, 73.1620483, -224.129272, 0.993632793, 3.40154607e-08, 0.112668738, -3.87658332e-08, 1, 3.99718729e-08, -0.112668738, -4.40850592e-08, 0.993632793)
		elseif MyLevel == 875 or MyLevel <= 899 then -- Marine Lieutenant [Lv. 875]
			Ms = "Marine Lieutenant [Lv. 875]"
			NaemQuest = "MarineQuest3"
			LevelQuest = 1
			NameMon = "Marine Lieutenant"
			CFrameQuest = CFrame.new(-2440.79639, 71.7140732, -3216.06812, 0.866007268, 0, 0.500031412, 0, 1, 0, -0.500031412, 0, 0.866007268)
			CFrameMon = CFrame.new(-2842.69922, 72.9919434, -2901.90479, -0.762281299, 0, -0.64724648, 0, 1.00000012, 0, 0.64724648, 0, -0.762281299)
		elseif MyLevel == 900 or MyLevel <= 949 then -- Marine Captain [Lv. 900]
			Ms = "Marine Captain [Lv. 900]"
			NaemQuest = "MarineQuest3"
			LevelQuest = 2
			NameMon = "Marine Captain"
			CFrameQuest = CFrame.new(-2440.79639, 71.7140732, -3216.06812, 0.866007268, 0, 0.500031412, 0, 1, 0, -0.500031412, 0, 0.866007268)
			CFrameMon = CFrame.new(-1814.70313, 72.9919434, -3208.86621, -0.900422215, 7.93464423e-08, -0.435017526, 3.68856199e-08, 1, 1.06050372e-07, 0.435017526, 7.94441988e-08, -0.900422215)
		elseif MyLevel == 950 or MyLevel <= 974 then -- Zombie [Lv. 950]
			Ms = "Zombie [Lv. 950]"
			NaemQuest = "ZombieQuest"
			LevelQuest = 1
			NameMon = "Zombie"
			CFrameQuest = CFrame.new(-5497.06152, 47.5923004, -795.237061, -0.29242146, 0, -0.95628953, 0, 1, 0, 0.95628953, 0, -0.29242146)
			CFrameMon = CFrame.new(-5649.23438, 126.0578, -737.773743, 0.355238914, -8.10359282e-08, 0.934775114, 1.65461245e-08, 1, 8.04023372e-08, -0.934775114, -1.3095117e-08, 0.355238914)
		elseif MyLevel == 975 or MyLevel <= 999 then -- Vampire [Lv. 975]
			Ms = "Vampire [Lv. 975]"
			NaemQuest = "ZombieQuest"
			LevelQuest = 2
			NameMon = "Vampire"
			CFrameQuest = CFrame.new(-5497.06152, 47.5923004, -795.237061, -0.29242146, 0, -0.95628953, 0, 1, 0, 0.95628953, 0, -0.29242146)
			CFrameMon = CFrame.new(-6030.32031, 0.4377408, -1313.5564, -0.856965423, 3.9138893e-08, -0.515373945, -1.12178942e-08, 1, 9.45958547e-08, 0.515373945, 8.68467822e-08, -0.856965423)
		elseif MyLevel == 1000 or MyLevel <= 1049 then -- Snow Trooper [Lv. 1000] **
			Ms = "Snow Trooper [Lv. 1000]"
			NaemQuest = "SnowMountainQuest"
			LevelQuest = 1
			NameMon = "Snow Trooper"
			CFrameQuest = CFrame.new(609.858826, 400.119904, -5372.25928, -0.374604106, 0, 0.92718488, 0, 1, 0, -0.92718488, 0, -0.374604106)
			CFrameMon = CFrame.new(621.003418, 391.361053, -5335.43604, 0.481644779, 0, 0.876366913, 0, 1, 0, -0.876366913, 0, 0.481644779)
		elseif MyLevel == 1050 or MyLevel <= 1099 then -- Winter Warrior [Lv. 1050]
			Ms = "Winter Warrior [Lv. 1050]"
			NaemQuest = "SnowMountainQuest"
			LevelQuest = 2
			NameMon = "Winter Warrior"
			CFrameQuest = CFrame.new(609.858826, 400.119904, -5372.25928, -0.374604106, 0, 0.92718488, 0, 1, 0, -0.92718488, 0, -0.374604106)
			CFrameMon = CFrame.new(1295.62683, 429.447784, -5087.04492, -0.698032081, -8.28980049e-08, -0.71606636, -1.98835952e-08, 1, -9.63858184e-08, 0.71606636, -5.30424877e-08, -0.698032081)
		elseif MyLevel == 1100 or MyLevel <= 1124 then -- Lab Subordinate [Lv. 1100]
			Ms = "Lab Subordinate [Lv. 1100]"
			NaemQuest = "IceSideQuest"
			LevelQuest = 1
			NameMon = "Lab Subordinate"
			CFrameQuest = CFrame.new(-6064.06885, 15.2422857, -4902.97852, 0.453972578, -0, -0.891015649, 0, 1, -0, 0.891015649, 0, 0.453972578)
			CFrameMon = CFrame.new(-5769.2041, 37.9288292, -4468.38721, -0.569419742, -2.49055017e-08, 0.822046936, -6.96206541e-08, 1, -1.79282633e-08, -0.822046936, -6.74401548e-08, -0.569419742)
		elseif MyLevel == 1125 or MyLevel <= 1174 then -- Horned Warrior [Lv. 1125]
			Ms = "Horned Warrior [Lv. 1125]"
			NaemQuest = "IceSideQuest"
			LevelQuest = 2
			NameMon = "Horned Warrior"
			CFrameQuest = CFrame.new(-6064.06885, 15.2422857, -4902.97852, 0.453972578, -0, -0.891015649, 0, 1, -0, 0.891015649, 0, 0.453972578)
			CFrameMon = CFrame.new(-6401.27979, 15.9775667, -5948.24316, 0.388303697, 0, -0.921531856, 0, 1, 0, 0.921531856, 0, 0.388303697)
		elseif MyLevel == 1175 or MyLevel <= 1199 then -- Magma Ninja [Lv. 1175]
			Ms = "Magma Ninja [Lv. 1175]"
			NaemQuest = "FireSideQuest"
			LevelQuest = 1
			NameMon = "Magma Ninja"
			CFrameQuest = CFrame.new(-5428.03174, 15.0622921, -5299.43457, -0.882952213, 0, 0.469463557, 0, 1, 0, -0.469463557, 0, -0.882952213)
			CFrameMon = CFrame.new(-5466.06445, 57.6952019, -5837.42822, -0.988835871, 0, -0.149006829, 0, 1, 0, 0.149006829, 0, -0.988835871)
		elseif MyLevel == 1200 or MyLevel <= 1249 then 
			Ms = "Lava Pirate [Lv. 1200]"
			NaemQuest = "FireSideQuest"
			LevelQuest = 2
			NameMon = "Lava Pirate"
